292.808333	1.375227 -1.224767 1.411267	
292.816667	1.34993 -1.226832 1.42424	
292.825	1.324508 -1.228816 1.436364	
292.833333	1.299371 -1.231001 1.447784	
292.841667	1.274112 -1.233272 1.45846	
292.85	1.249249 -1.23524 1.468604	
292.858333	1.224172 -1.237238 1.477895	
292.866667	1.199481 -1.239302 1.486572	
292.875	1.174587 -1.241448 1.494534	
292.883333	1.150356 -1.24373 1.501759	
292.891667	1.124622 -1.245724 1.508304	
292.9	1.09973 -1.247772 1.514197	
292.908333	1.075103 -1.249863 1.519235	
292.916667	1.05021 -1.252078 1.523723	
292.925	1.02589 -1.254356 1.527609	
292.933333	1.000491 -1.256174 1.530625	
292.941667	0.976812 -1.258533 1.533115	
292.95	0.952297 -1.260449 1.534919	
292.958333	0.927702 -1.262504 1.535976	
292.966667	0.903584 -1.264449 1.536479	
292.975	0.879318 -1.266484 1.536109	
292.983333	0.854943 -1.268388 1.535238	
292.991667	0.830417 -1.270386 1.533436	
293.0	0.806369 -1.272608 1.53101	
293.008333	0.782161 -1.274724 1.527914	
293.016667	0.757923 -1.276775 1.524287	
293.025	0.731958 -1.278412 1.519954	
293.033333	0.709829 -1.280657 1.514684	
293.041667	0.686016 -1.28181 1.509628	
293.05	0.662104 -1.284624 1.502607	
293.058333	0.638297 -1.286626 1.495455	
293.066667	0.614335 -1.288507 1.487852	
293.075	0.590433 -1.29039 1.479496	
293.083333	0.566946 -1.292599 1.470444	
293.091667	0.543283 -1.294667 1.460387	
293.1	0.519548 -1.296037 1.45039	
293.108333	0.496022 -1.297887 1.439577	
293.116667	0.472318 -1.299871 1.428023	
293.125	0.449511 -1.301679 1.415577	
293.133333	0.425544 -1.303276 1.402626	
293.141667	0.40243 -1.305154 1.38909	
293.15	0.37895 -1.306862 1.374946	
293.158333	0.3556 -1.308809 1.36008	
293.166667	0.332391 -1.310703 1.344603	
293.175	0.309446 -1.312425 1.328526	
293.183333	0.286338 -1.314015 1.311713	
293.191667	0.263253 -1.316039 1.294213	
293.2	0.240122 -1.317708 1.276188	
293.208333	0.21725 -1.319388 1.257463	
293.216667	0.194544 -1.321269 1.238021	
293.225	0.171661 -1.322841 1.218047	
293.233333	0.148968 -1.324505 1.197405	
293.241667	0.126177 -1.326221 1.176207	
293.25	0.103546 -1.327969 1.154356	
293.258333	0.08094 -1.329603 1.131783	
293.266667	0.058554 -1.330997 1.108784	
293.275	0.036757 -1.332116 1.085273	
293.283333	0.013915 -1.334663 1.060607	
293.291667	-0.008463 -1.336549 1.035699	
293.3	-0.030414 -1.337895 1.010275	
293.308333	-0.052638 -1.339759 0.984008	
293.316667	-0.075012 -1.341003 0.957529	
293.325	-0.09706 -1.343154 0.929743	
293.333333	-0.118634 -1.345198 0.901822	
293.341667	-0.140504 -1.346827 0.873134	
293.35	-0.162239 -1.348193 0.844214	
293.358333	-0.184125 -1.350752 0.813583	
293.366667	-0.205381 -1.351569 0.783721	
293.375	-0.227047 -1.353279 0.752735	
293.383333	-0.248416 -1.354846 0.721122	
293.391667	-0.270071 -1.356666 0.689083	
293.4	-0.291663 -1.358483 0.656238	
293.408333	-0.312539 -1.360336 0.623347	
293.416667	-0.32933 -1.360973 0.599072	
293.425	-0.336543 -1.3603 0.590765	
293.433333	-0.343734 -1.361343 0.581568	
293.441667	-0.35041 -1.361197 0.573025	
293.45	-0.355808 -1.359746 0.563536	
293.458333	-0.359492 -1.355047 0.555598	
293.475	-0.347472 -1.35275 0.515729	
293.483333	-0.358622 -1.353287 0.511546	
293.491667	-0.366124 -1.354972 0.502864	
293.5	-0.36417 -1.332663 0.515869	
293.55	-0.405714 -1.337 0.454817	
293.566667	-0.424359 -1.340984 0.433562	
293.575	-0.428831 -1.340403 0.425731	
293.591667	-0.441845 -1.344755 0.408593	
