308.891667	1.389868 -1.206194 1.131378	
308.9	1.352816 -1.209104 1.153231	
308.908333	1.31554 -1.212176 1.174224	
308.916667	1.278899 -1.215213 1.194532	
308.925	1.242233 -1.218069 1.214266	
308.933333	1.205498 -1.22126 1.233235	
308.941667	1.168988 -1.224187 1.251286	
308.95	1.132629 -1.227309 1.268682	
308.958333	1.096151 -1.230654 1.285139	
308.966667	1.059988 -1.233674 1.30123	
308.975	1.023366 -1.236611 1.316316	
308.983333	0.987706 -1.239525 1.330862	
308.991667	0.951618 -1.242837 1.344231	
309.0	0.915994 -1.246068 1.357004	
309.008333	0.880476 -1.249279 1.368844	
309.016667	0.844386 -1.251979 1.380657	
309.025	0.808742 -1.255726 1.390809	
309.033333	0.773181 -1.258361 1.400901	
309.041667	0.737893 -1.261613 1.409811	
309.05	0.703258 -1.265426 1.417946	
309.058333	0.66752 -1.267602 1.425923	
309.066667	0.632558 -1.270493 1.432747	
309.075	0.59736 -1.273947 1.438546	
309.083333	0.562275 -1.276368 1.444085	
309.091667	0.527337 -1.279661 1.448479	
309.1	0.492913 -1.282483 1.4528	
309.108333	0.458253 -1.285572 1.45601	
309.116667	0.423734 -1.28833 1.458445	
309.125	0.389402 -1.291439 1.460376	
309.133333	0.355293 -1.294504 1.461213	
309.141667	0.321075 -1.297454 1.461569	
309.15	0.286552 -1.300379 1.461408	
309.158333	0.252803 -1.303424 1.460378	
309.166667	0.218912 -1.30687 1.45871	
309.175	0.184995 -1.309304 1.456207	
309.183333	0.151383 -1.312482 1.453019	
309.191667	0.117578 -1.315418 1.44917	
309.2	0.084379 -1.31785 1.444652	
309.208333	0.050714 -1.321157 1.439422	
309.216667	0.017374 -1.324169 1.433611	
309.225	-0.016043 -1.327378 1.427141	
309.233333	-0.049295 -1.330209 1.419619	
309.241667	-0.082398 -1.333416 1.411695	
309.25	-0.115605 -1.335934 1.403173	
309.258333	-0.14819 -1.338821 1.394118	
309.266667	-0.181008 -1.342312 1.383872	
309.275	-0.213798 -1.344943 1.373271	
309.283333	-0.246265 -1.347602 1.361975	
309.291667	-0.278742 -1.350657 1.349958	
309.3	-0.311029 -1.353408 1.337395	
309.308333	-0.34332 -1.356222 1.324181	
309.316667	-0.375832 -1.35917 1.30996	
309.325	-0.407933 -1.362163 1.295339	
309.333333	-0.440115 -1.365262 1.279765	
309.341667	-0.47198 -1.36815 1.263706	
309.35	-0.503426 -1.370688 1.247093	
309.358333	-0.534257 -1.37229 1.229955	
309.366667	-0.567162 -1.376545 1.212069	
309.375	-0.598194 -1.378973 1.193591	
