280.958333	1.396686 -1.201548 1.146466	
280.966667	1.361635 -1.202973 1.167491	
280.975	1.326844 -1.204566 1.187355	
280.983333	1.291654 -1.206004 1.207025	
280.991667	1.256751 -1.207469 1.225832	
281.0	1.222102 -1.208953 1.244076	
281.008333	1.187466 -1.210568 1.26136	
281.016667	1.152959 -1.212186 1.277979	
281.025	1.118375 -1.213675 1.293796	
281.033333	1.084118 -1.215264 1.308943	
281.041667	1.049897 -1.216698 1.323027	
281.05	1.01555 -1.21827 1.336847	
281.058333	0.98158 -1.22005 1.349712	
281.066667	0.947868 -1.22122 1.361949	
281.075	0.914447 -1.222867 1.373425	
281.083333	0.880218 -1.224202 1.384092	
281.091667	0.846507 -1.225848 1.393819	
281.1	0.812928 -1.2271 1.403072	
281.108333	0.779143 -1.22879 1.411419	
281.116667	0.74579 -1.230357 1.41919	
281.125	0.712747 -1.232114 1.426009	
281.133333	0.679074 -1.233425 1.432353	
281.141667	0.645782 -1.234989 1.43789	
281.15	0.612941 -1.236471 1.442454	
281.158333	0.579168 -1.237259 1.446714	
281.166667	0.547175 -1.239541 1.44983	
281.175	0.514197 -1.241014 1.452411	
281.183333	0.48164 -1.24255 1.454142	
281.191667	0.449167 -1.244052 1.455564	
281.2	0.416549 -1.245675 1.456008	
281.208333	0.38439 -1.247313 1.455848	
281.216667	0.352057 -1.248676 1.454882	
281.225	0.3201 -1.251377 1.453167	
281.233333	0.287434 -1.251934 1.451209	
281.241667	0.255479 -1.253307 1.448254	
281.25	0.223307 -1.255283 1.444181	
281.258333	0.191565 -1.256827 1.440248	
281.266667	0.159616 -1.258456 1.435048	
281.275	0.128417 -1.260113 1.429201	
281.283333	0.096359 -1.261635 1.422928	
281.291667	0.064955 -1.263473 1.415877	
281.3	0.033686 -1.264855 1.408094	
281.308333	0.002122 -1.266357 1.399576	
281.316667	-0.028834 -1.26815 1.390432	
281.325	-0.06014 -1.269799 1.380584	
281.333333	-0.091137 -1.270899 1.370104	
281.341667	-0.122295 -1.272914 1.358692	
281.35	-0.15357 -1.274611 1.346972	
281.358333	-0.183928 -1.276852 1.334398	
281.366667	-0.214816 -1.278504 1.321065	
281.375	-0.245266 -1.279988 1.307299	
281.383333	-0.275533 -1.281595 1.292977	
281.391667	-0.306489 -1.283504 1.277236	
281.4	-0.336172 -1.285521 1.261683	
281.408333	-0.366801 -1.287067 1.24507	
281.416667	-0.396897 -1.289197 1.227657	
281.425	-0.426861 -1.290801 1.209828	
281.433333	-0.456618 -1.292963 1.191371	
281.441667	-0.486043 -1.294531 1.172223	
281.45	-0.515863 -1.296724 1.152376	
281.458333	-0.545518 -1.298517 1.131958	
281.466667	-0.574854 -1.300319 1.110772	
